0.000000 0.977541
0.004004 0.946094
0.008008 0.832511
0.012012 0.908897
0.016016 0.940001
0.020020 0.872631
0.024024 0.921694
0.028028 0.913711
0.032032 0.908445
0.036036 0.899529
0.040040 0.930018
0.044044 0.968706
0.048048 0.860567
0.052052 0.960577
0.056056 0.921014
0.060060 0.932334
0.064064 0.853815
0.068068 0.918042
0.072072 0.986223
0.076076 0.858787
0.080080 0.814739
0.084084 0.827371
0.088088 0.928822
0.092092 1.035808
0.096096 0.973846
0.100100 1.002453
0.104104 0.924996
0.108108 0.991209
0.112112 0.909070
0.116116 0.954666
0.120120 0.912061
0.124124 0.899427
0.128128 0.935037
0.132132 0.906144
0.136136 0.996963
0.140140 0.942913
0.144144 0.954829
0.148148 0.919624
0.152152 1.001043
0.156156 0.903361
0.160160 0.974732
0.164164 0.925959
0.168168 0.898329
0.172172 0.922646
0.176176 0.908708
0.180180 0.940135
0.184184 0.935651
0.188188 0.970058
0.192192 0.984549
0.196196 0.950759
0.200200 0.958669
0.204204 0.976244
0.208208 0.936610
0.212212 1.000813
0.216216 1.009300
0.220220 0.979133
0.224224 1.090432
0.228228 1.018287
0.232232 0.968491
0.236236 0.957657
0.240240 0.965784
0.244244 0.953899
0.248248 1.036979
0.252252 0.947163
0.256256 0.979469
0.260260 0.958485
0.264264 1.038637
0.268268 0.916728
0.272272 0.970805
0.276276 0.984055
0.280280 1.007282
0.284284 1.015463
0.288288 0.982671
0.292292 1.043894
0.296296 1.011092
0.300300 1.119584
0.304304 0.921563
0.308308 1.028716
0.312312 0.946064
0.316316 0.958981
0.320320 1.098620
0.324324 1.087013
0.328328 0.907292
0.332332 0.989210
0.336336 0.997223
0.340340 0.894014
0.344344 0.998159
0.348348 1.020183
0.352352 1.011208
0.356356 0.900368
0.360360 1.055129
0.364364 1.011537
0.368368 0.995692
0.372372 0.960482
0.376376 1.033072
0.380380 1.042596
0.384384 0.971694
0.388388 0.999304
0.392392 1.035109
0.396396 0.894876
0.400400 0.997227
0.404404 0.894641
0.408408 0.942437
0.412412 1.010548
0.416416 0.978230
0.420420 0.963738
0.424424 0.967153
0.428428 1.022480
0.432432 1.013440
0.436436 0.936677
0.440440 0.988541
0.444444 0.948121
0.448448 1.089559
0.452452 0.929972
0.456456 0.948812
0.460460 0.944441
0.464464 0.937284
0.468468 0.963560
0.472472 0.967349
0.476476 0.869882
0.480480 0.919193
0.484484 0.878790
0.488488 1.003514
0.492492 1.061789
0.496496 1.004435
0.500501 0.949267
0.504505 0.979697
0.508509 0.933463
0.512513 1.004448
0.516517 0.951435
0.520521 0.902913
0.524525 0.854246
0.528529 0.874984
0.532533 0.918880
0.536537 0.838051
0.540541 0.884360
0.544545 0.958507
0.548549 0.888992
0.552553 0.982770
0.556557 0.951793
0.560561 0.860950
0.564565 0.803227
0.568569 0.864619
0.572573 0.838779
0.576577 0.877474
0.580581 0.935049
0.584585 0.793892
0.588589 0.826307
0.592593 0.858038
0.596597 0.893829
0.600601 0.858260
0.604605 0.849072
0.608609 0.891206
0.612613 0.844268
0.616617 0.803349
0.620621 0.813667
0.624625 0.771052
0.628629 0.829341
0.632633 0.844739
0.636637 0.644245
0.640641 0.849749
0.644645 0.781642
0.648649 0.803151
0.652653 0.808876
0.656657 0.656668
0.660661 0.707309
0.664665 0.746153
0.668669 0.718961
0.672673 0.767984
0.676677 0.724299
0.680681 0.660287
0.684685 0.772279
0.688689 0.792523
0.692693 0.761618
0.696697 0.693676
0.700701 0.712224
0.704705 0.748673
0.708709 0.747434
0.712713 0.763678
0.716717 0.694713
0.720721 0.634530
0.724725 0.667809
0.728729 0.724674
0.732733 0.731447
0.736737 0.801814
0.740741 0.692778
0.744745 0.695555
0.748749 0.670911
0.752753 0.655989
0.756757 0.711912
0.760761 0.687094
0.764765 0.655702
0.768769 0.608778
0.772773 0.653356
0.776777 0.636757
0.780781 0.715913
0.784785 0.697410
0.788789 0.595888
0.792793 0.702363
0.796797 0.612458
0.800801 0.644817
0.804805 0.695452
0.808809 0.581281
0.812813 0.637794
0.816817 0.570555
0.820821 0.527369
0.824825 0.671167
0.828829 0.620701
0.832833 0.575671
0.836837 0.535009
0.840841 0.591857
0.844845 0.676680
0.848849 0.627379
0.852853 0.586346
0.856857 0.569155
0.860861 0.605861
0.864865 0.521060
0.868869 0.663561
0.872873 0.619414
0.876877 0.651944
0.880881 0.562059
0.884885 0.631019
0.888889 0.620750
0.892893 0.507811
0.896897 0.590054
0.900901 0.596532
0.904905 0.550229
0.908909 0.559191
0.912913 0.597260
0.916917 0.571828
0.920921 0.521784
0.924925 0.599909
0.928929 0.580062
0.932933 0.579482
0.936937 0.570178
0.940941 0.586221
0.944945 0.547863
0.948949 0.517427
0.952953 0.521884
0.956957 0.612672
0.960961 0.454929
0.964965 0.581266
0.968969 0.480550
0.972973 0.470648
0.976977 0.499184
0.980981 0.535054
0.984985 0.582868
0.988989 0.459827
0.992993 0.626845
0.996997 0.599710
1.001001 0.533265
1.005005 0.523735
1.009009 0.488908
1.013013 0.564306
1.017017 0.536642
1.021021 0.602081
1.025025 0.495420
1.029029 0.555355
1.033033 0.524339
1.037037 0.481979
1.041041 0.617586
1.045045 0.534560
1.049049 0.549668
1.053053 0.463268
1.057057 0.478570
1.061061 0.516875
1.065065 0.481373
1.069069 0.538585
1.073073 0.528247
1.077077 0.465014
1.081081 0.511537
1.085085 0.499804
1.089089 0.489065
1.093093 0.437446
1.097097 0.450681
1.101101 0.500498
1.105105 0.538144
1.109109 0.436352
1.113113 0.543086
1.117117 0.488670
1.121121 0.413304
1.125125 0.490167
1.129129 0.515434
1.133133 0.481456
1.137137 0.581227
1.141141 0.477682
1.145145 0.503797
1.149149 0.456582
1.153153 0.501838
1.157157 0.329802
1.161161 0.403391
1.165165 0.424681
1.169169 0.464661
1.173173 0.445392
1.177177 0.486688
1.181181 0.446666
1.185185 0.435520
1.189189 0.414175
1.193193 0.425841
1.197197 0.455280
1.201201 0.447671
1.205205 0.449925
1.209209 0.389940
1.213213 0.363117
1.217217 0.370175
1.221221 0.407040
1.225225 0.465905
1.229229 0.393011
1.233233 0.400954
1.237237 0.289381
1.241241 0.501862
1.245245 0.308196
1.249249 0.449718
1.253253 0.326434
1.257257 0.397483
1.261261 0.385672
1.265265 0.343396
1.269269 0.327085
1.273273 0.283551
1.277277 0.323048
1.281281 0.375884
1.285285 0.334495
1.289289 0.266739
1.293293 0.363802
1.297297 0.240668
1.301301 0.306262
1.305305 0.246097
1.309309 0.246378
1.313313 0.334326
1.317317 0.251997
1.321321 0.194158
1.325325 0.237725
1.329329 0.297218
1.333333 0.217622
1.337337 0.309517
1.341341 0.293859
1.345345 0.241759
1.349349 0.291418
1.353353 0.320502
1.357357 0.122784
1.361361 0.274402
1.365365 0.241625
1.369369 0.189588
1.373373 0.233537
1.377377 0.214746
1.381381 0.160681
1.385385 0.258475
1.389389 0.185656
1.393393 0.232643
1.397397 0.155527
1.401401 0.080630
1.405405 0.169252
1.409409 0.139870
1.413413 0.083207
1.417417 0.056286
1.421421 0.166358
1.425425 0.193687
1.429429 0.194754
1.433433 0.146301
1.437437 0.114518
1.441441 0.118529
1.445445 0.106065
1.449449 0.138352
1.453453 0.068779
1.457457 0.025201
1.461461 0.072190
1.465465 0.087919
1.469469 0.060224
1.473473 0.069242
1.477477 0.172997
1.481481 0.102197
1.485485 -0.016297
1.489489 0.080828
1.493493 -0.065548
1.497497 0.069404
1.501502 0.057532
1.505506 0.030228
1.509510 -0.024270
1.513514 -0.029639
1.517518 0.035549
1.521522 -0.020377
1.525526 0.047651
1.529530 -0.029883
1.533534 -0.021317
1.537538 0.030405
1.541542 -0.013632
1.545546 -0.024578
1.549550 -0.007058
1.553554 -0.006004
1.557558 -0.033152
1.561562 -0.021792
1.565566 -0.042989
1.569570 -0.020666
1.573574 -0.030861
1.577578 -0.023999
1.581582 -0.012914
1.585586 -0.108527
1.589590 -0.128707
1.593594 -0.077927
1.597598 -0.076903
1.601602 -0.048910
1.605606 -0.136670
1.609610 -0.069654
1.613614 -0.061072
1.617618 -0.168111
1.621622 -0.068095
1.625626 -0.023388
1.629630 -0.090443
1.633634 -0.144605
1.637638 -0.132195
1.641642 -0.110377
1.645646 -0.135961
1.649650 -0.273297
1.653654 -0.043111
1.657658 -0.142727
1.661662 -0.131433
1.665666 -0.079313
1.669670 -0.116824
1.673674 -0.156021
1.677678 -0.139215
1.681682 -0.110742
1.685686 -0.112888
1.689690 -0.152898
1.693694 -0.106454
1.697698 -0.109776
1.701702 -0.176237
1.705706 -0.204941
1.709710 -0.141046
1.713714 -0.131230
1.717718 -0.185918
1.721722 -0.187436
1.725726 -0.141539
1.729730 -0.163195
1.733734 -0.105786
1.737738 -0.150627
1.741742 -0.059847
1.745746 -0.155243
1.749750 -0.229152
1.753754 -0.196871
1.757758 -0.194385
1.761762 -0.276261
1.765766 -0.161028
1.769770 -0.194452
1.773774 -0.201265
1.777778 -0.230405
1.781782 -0.260674
1.785786 -0.218859
1.789790 -0.254412
1.793794 -0.212748
1.797798 -0.261254
1.801802 -0.289392
1.805806 -0.216544
1.809810 -0.214275
1.813814 -0.199502
1.817818 -0.226560
1.821822 -0.158822
1.825826 -0.266648
1.829830 -0.182136
1.833834 -0.290023
1.837838 -0.277309
1.841842 -0.266476
1.845846 -0.261228
1.849850 -0.175327
1.853854 -0.287079
1.857858 -0.320971
1.861862 -0.222714
1.865866 -0.264617
1.869870 -0.344289
1.873874 -0.252112
1.877878 -0.225357
1.881882 -0.294825
1.885886 -0.200645
1.889890 -0.204532
1.893894 -0.319540
1.897898 -0.244927
1.901902 -0.396271
1.905906 -0.286128
1.909910 -0.335827
1.913914 -0.252871
1.917918 -0.348348
1.921922 -0.256623
1.925926 -0.351586
1.929930 -0.336318
1.933934 -0.356169
1.937938 -0.310902
1.941942 -0.394147
1.945946 -0.296751
1.949950 -0.366396
1.953954 -0.224294
1.957958 -0.352413
1.961962 -0.382003
1.965966 -0.323552
1.969970 -0.392984
1.973974 -0.325570
1.977978 -0.381537
1.981982 -0.338614
1.985986 -0.364116
1.989990 -0.343608
1.993994 -0.409049
1.997998 -0.411871
2.002002 -0.311015
2.006006 -0.317958
2.010010 -0.345115
2.014014 -0.423970
2.018018 -0.335746
2.022022 -0.420139
2.026026 -0.415240
2.030030 -0.359252
2.034034 -0.422003
2.038038 -0.422692
2.042042 -0.441187
2.046046 -0.462701
2.050050 -0.469008
2.054054 -0.455849
2.058058 -0.434968
2.062062 -0.462195
2.066066 -0.510366
2.070070 -0.463333
2.074074 -0.471600
2.078078 -0.461318
2.082082 -0.446717
2.086086 -0.459121
2.090090 -0.519715
2.094094 -0.524287
2.098098 -0.512020
2.102102 -0.529513
2.106106 -0.575894
2.110110 -0.524458
2.114114 -0.577126
2.118118 -0.573295
2.122122 -0.576683
2.126126 -0.571876
2.130130 -0.580376
2.134134 -0.573856
2.138138 -0.545858
2.142142 -0.496644
2.146146 -0.609267
2.150150 -0.493438
2.154154 -0.524691
2.158158 -0.528736
2.162162 -0.572568
2.166166 -0.554749
2.170170 -0.540659
2.174174 -0.541866
2.178178 -0.594651
2.182182 -0.545191
2.186186 -0.526281
2.190190 -0.542252
2.194194 -0.559918
2.198198 -0.629669
2.202202 -0.603466
2.206206 -0.600606
2.210210 -0.635314
2.214214 -0.605460
2.218218 -0.612122
2.222222 -0.627200
2.226226 -0.636304
2.230230 -0.634652
2.234234 -0.635248
2.238238 -0.659267
2.242242 -0.666122
2.246246 -0.651391
2.250250 -0.708937
2.254254 -0.749479
2.258258 -0.671262
2.262262 -0.723180
2.266266 -0.585726
2.270270 -0.635496
2.274274 -0.612921
2.278278 -0.642312
2.282282 -0.698577
2.286286 -0.661015
2.290290 -0.663552
2.294294 -0.761889
2.298298 -0.657161
2.302302 -0.744567
2.306306 -0.761979
2.310310 -0.669268
2.314314 -0.738188
2.318318 -0.760768
2.322322 -0.656448
2.326326 -0.807231
2.330330 -0.760476
2.334334 -0.668728
2.338338 -0.594294
2.342342 -0.727547
2.346346 -0.687939
2.350350 -0.786261
2.354354 -0.635408
2.358358 -0.771373
2.362362 -0.885321
2.366366 -0.741654
2.370370 -0.742562
2.374374 -0.791416
2.378378 -0.741807
2.382382 -0.691469
2.386386 -0.826949
2.390390 -0.736830
2.394394 -0.813361
2.398398 -0.692083
2.402402 -0.740056
2.406406 -0.796400
2.410410 -0.759091
2.414414 -0.794428
2.418418 -0.744579
2.422422 -0.780230
2.426426 -0.715547
2.430430 -0.649768
2.434434 -0.767647
2.438438 -0.743002
2.442442 -0.769578
2.446446 -0.815560
2.450450 -0.767821
2.454454 -0.744837
2.458458 -0.753019
2.462462 -0.789175
2.466466 -0.806349
2.470470 -0.708702
2.474474 -0.755311
2.478478 -0.734169
2.482482 -0.837411
2.486486 -0.735131
2.490490 -0.880668
2.494494 -0.785271
2.498498 -0.809088
2.502503 -0.803851
2.506507 -0.833850
2.510511 -0.768105
2.514515 -0.789057
2.518519 -0.807518
2.522523 -0.715287
2.526527 -0.767741
2.530531 -0.811938
2.534535 -0.822926
2.538539 -0.922942
2.542543 -0.856853
2.546547 -0.850096
2.550551 -0.867778
2.554555 -0.833874
2.558559 -0.738582
2.562563 -0.805103
2.566567 -0.843721
2.570571 -0.887443
2.574575 -0.786751
2.578579 -0.847031
2.582583 -0.743184
2.586587 -0.829969
2.590591 -0.767347
2.594595 -0.816572
2.598599 -0.837599
2.602603 -0.836257
2.606607 -0.812473
2.610611 -0.846290
2.614615 -0.924516
2.618619 -0.941592
2.622623 -0.884440
2.626627 -0.890684
2.630631 -0.840552
2.634635 -0.858794
2.638639 -0.828868
2.642643 -0.865921
2.646647 -0.827966
2.650651 -0.840447
2.654655 -0.803460
2.658659 -0.904986
2.662663 -0.956354
2.666667 -0.893692
2.670671 -0.827586
2.674675 -0.898311
2.678679 -0.890734
2.682683 -0.932648
2.686687 -0.918328
2.690691 -0.880767
2.694695 -0.959859
2.698699 -0.881549
2.702703 -0.874599
2.706707 -0.886924
2.710711 -0.872307
2.714715 -0.913275
2.718719 -0.817576
2.722723 -0.843627
2.726727 -0.924396
2.730731 -0.890292
2.734735 -0.921311
2.738739 -0.826163
2.742743 -0.897405
2.746747 -0.953166
2.750751 -0.852514
2.754755 -0.865985
2.758759 -0.908467
2.762763 -0.926251
2.766767 -0.922742
2.770771 -0.906696
2.774775 -0.958344
2.778779 -0.816955
2.782783 -0.912748
2.786787 -0.800645
2.790791 -0.935349
2.794795 -0.925084
2.798799 -0.931226
2.802803 -0.873057
2.806807 -0.870320
2.810811 -0.906423
2.814815 -0.867222
2.818819 -0.868134
2.822823 -0.877985
2.826827 -0.950737
2.830831 -0.989050
2.834835 -1.015136
2.838839 -1.008709
2.842843 -0.953520
2.846847 -1.004137
2.850851 -0.947071
2.854855 -0.868956
2.858859 -0.953385
2.862863 -1.042125
2.866867 -0.907485
2.870871 -0.962720
2.874875 -0.978383
2.878879 -0.968910
2.882883 -1.023569
2.886887 -0.958307
2.890891 -0.923433
2.894895 -1.014317
2.898899 -0.936487
2.902903 -0.936418
2.906907 -0.997178
2.910911 -0.920172
2.914915 -1.030423
2.918919 -0.952340
2.922923 -0.983328
2.926927 -0.982081
2.930931 -0.960316
2.934935 -0.970824
2.938939 -1.081387
2.942943 -1.049830
2.946947 -1.040721
2.950951 -1.000174
2.954955 -0.951026
2.958959 -0.938718
2.962963 -0.959676
2.966967 -0.986084
2.970971 -1.044903
2.974975 -0.938842
2.978979 -0.994103
2.982983 -1.062760
2.986987 -1.033284
2.990991 -0.942779
2.994995 -0.933349
2.998999 -1.053167
3.003003 -0.902262
3.007007 -0.963335
3.011011 -0.981733
3.015015 -1.069798
3.019019 -0.904872
3.023023 -1.016239
3.027027 -1.052235
3.031031 -1.037363
3.035035 -1.021906
3.039039 -1.067131
3.043043 -0.987817
3.047047 -1.025241
3.051051 -1.106818
3.055055 -1.064671
3.059059 -1.078452
3.063063 -1.062799
3.067067 -1.050540
3.071071 -1.014289
3.075075 -1.038955
3.079079 -1.034083
3.083083 -1.062669
3.087087 -0.991289
3.091091 -1.039864
3.095095 -0.926845
3.099099 -1.071315
3.103103 -1.028927
3.107107 -0.962060
3.111111 -1.084529
3.115115 -1.074878
3.119119 -1.083173
3.123123 -1.033898
3.127127 -1.042029
3.131131 -1.016622
3.135135 -0.971276
3.139139 -1.084835
3.143143 -1.046074
3.147147 -1.006580
3.151151 -1.151821
3.155155 -1.052236
3.159159 -1.048309
3.163163 -1.055347
3.167167 -1.010424
3.171171 -0.969252
3.175175 -1.050482
3.179179 -0.913178
3.183183 -1.057454
3.187187 -1.024676
3.191191 -1.010069
3.195195 -1.096428
3.199199 -0.996490
3.203203 -1.017503
3.207207 -1.009870
3.211211 -0.964903
3.215215 -1.013565
3.219219 -0.959508
3.223223 -1.080758
3.227227 -1.025512
3.231231 -0.949013
3.235235 -1.014680
3.239239 -1.070561
3.243243 -1.066151
3.247247 -1.045028
3.251251 -1.071559
3.255255 -0.979924
3.259259 -1.144169
3.263263 -1.043184
3.267267 -1.070322
3.271271 -1.068103
3.275275 -1.026546
3.279279 -1.058422
3.283283 -0.971380
3.287287 -1.033299
3.291291 -1.019983
3.295295 -0.949018
3.299299 -0.975775
3.303303 -0.981592
3.307307 -0.987677
3.311311 -1.041066
3.315315 -0.968222
3.319319 -0.875809
3.323323 -0.993315
3.327327 -1.028752
3.331331 -1.052879
3.335335 -1.071487
3.339339 -0.990944
3.343343 -0.999178
3.347347 -0.918278
3.351351 -0.972904
3.355355 -0.934205
3.359359 -0.934468
3.363363 -0.904068
3.367367 -0.977795
3.371371 -0.912204
3.375375 -0.936517
3.379379 -1.010562
3.383383 -1.007041
3.387387 -0.933163
3.391391 -0.968272
3.395395 -1.061409
3.399399 -0.936401
3.403403 -0.934587
3.407407 -0.936084
3.411411 -0.868084
3.415415 -0.962681
3.419419 -1.017985
3.423423 -0.907863
3.427427 -0.930238
3.431431 -0.906370
3.435435 -0.902469
3.439439 -0.925794
3.443443 -0.959288
3.447447 -0.933455
3.451451 -0.936554
3.455455 -0.949944
3.459459 -0.917775
3.463463 -0.930109
3.467467 -0.920195
3.471471 -0.975666
3.475475 -0.933975
3.479479 -0.975568
3.483483 -0.969727
3.487487 -0.846535
3.491491 -0.964802
3.495495 -0.888276
3.499499 -0.995369
3.503504 -0.914964
3.507508 -0.856275
3.511512 -0.867822
3.515516 -0.942797
3.519520 -0.864704
3.523524 -0.921693
3.527528 -0.950131
3.531532 -0.960851
3.535536 -0.999581
3.539540 -0.874433
3.543544 -0.857860
3.547548 -0.811835
3.551552 -0.911705
3.555556 -0.909293
3.559560 -0.919625
3.563564 -0.874850
3.567568 -0.881417
3.571572 -0.963302
3.575576 -0.862997
3.579580 -0.857115
3.583584 -0.871779
3.587588 -0.895367
3.591592 -0.977976
3.595596 -0.875903
3.599600 -0.885138
3.603604 -0.901935
3.607608 -0.874088
3.611612 -0.887541
3.615616 -0.871574
3.619620 -0.879842
3.623624 -0.896339
3.627628 -0.927148
3.631632 -0.932450
3.635636 -0.852294
3.639640 -0.870045
3.643644 -0.846678
3.647648 -0.844023
3.651652 -0.871113
3.655656 -0.767696
3.659660 -0.887397
3.663664 -0.857694
3.667668 -0.885242
3.671672 -0.876595
3.675676 -0.909098
3.679680 -0.822161
3.683684 -0.881406
3.687688 -0.820855
3.691692 -0.799143
3.695696 -0.852113
3.699700 -0.876305
3.703704 -0.832914
3.707708 -0.818784
3.711712 -0.813214
3.715716 -0.910680
3.719720 -0.767644
3.723724 -0.885409
3.727728 -0.909032
3.731732 -0.807786
3.735736 -0.854287
3.739740 -0.830073
3.743744 -0.823241
3.747748 -0.746421
3.751752 -0.823379
3.755756 -0.805749
3.759760 -0.844556
3.763764 -0.861164
3.767768 -0.781118
3.771772 -0.793098
3.775776 -0.741966
3.779780 -0.857489
3.783784 -0.798562
3.787788 -0.776703
3.791792 -0.896826
3.795796 -0.875189
3.799800 -0.784926
3.803804 -0.795964
3.807808 -0.837476
3.811812 -0.757948
3.815816 -0.846186
3.819820 -0.871325
3.823824 -0.792895
3.827828 -0.788349
3.831832 -0.745420
3.835836 -0.779264
3.839840 -0.746505
3.843844 -0.834299
3.847848 -0.740273
3.851852 -0.833296
3.855856 -0.727243
3.859860 -0.785997
3.863864 -0.774048
3.867868 -0.791793
3.871872 -0.774937
3.875876 -0.781823
3.879880 -0.836275
3.883884 -0.801924
3.887888 -0.789029
3.891892 -0.741650
3.895896 -0.725876
3.899900 -0.764732
3.903904 -0.727240
3.907908 -0.720986
3.911912 -0.756035
3.915916 -0.859280
3.919920 -0.732797
3.923924 -0.658777
3.927928 -0.755392
3.931932 -0.688239
3.935936 -0.757494
3.939940 -0.751766
3.943944 -0.610091
3.947948 -0.716028
3.951952 -0.756202
3.955956 -0.648502
3.959960 -0.686847
3.963964 -0.679393
3.967968 -0.790308
3.971972 -0.709203
3.975976 -0.685159
3.979980 -0.693158
3.983984 -0.732321
3.987988 -0.694634
3.991992 -0.602419
3.995996 -0.690351
4.000000 -0.635079
