0.473720
0.779403
0.849782
0.458514
0.656695
0.771425
0.629091
0.204907
0.847274
0.838235
0.410587
0.662799
0.427245
0.579023
0.519411
0.134287
0.941055
0.225478
0.883162
0.242864
0.238267
0.690873
0.871103
0.179511
0.451172
0.186496
0.983479
0.489637
0.828706
0.383895
0.053126
0.291164
0.941780
0.013886
0.669574
0.976708
0.390586
0.314019
0.247443
0.394621
0.156345
0.320530
0.506804
0.474787
0.601987
0.820611
0.308687
0.960663
0.166573
0.914035
0.496327
0.371985
0.370535
0.306350
0.422263
0.002860
0.015738
0.257958
0.518787
0.194312
0.485353
0.580064
0.593540
0.781852
0.613260
0.649465
0.581501
0.364884
0.199403
0.643073
0.223199
0.579419
0.849168
0.559057
0.164135
0.566596
0.860687
0.191752
0.607947
0.000300
0.599645
0.906672
0.126166
0.253411
0.916408
0.203408
0.732074
0.568395
0.230728
0.793884
0.473443
0.838348
0.485755
0.785306
0.401133
0.848205
0.794376
0.470394
0.138307
0.015440
